tempo=.6
A=[0   53 80
0   62 80
0   70 80
0   74 80
455   53 0
480   53 80
935   53 0
960   53 80
1367   62 0
1367   70 0
1367   74 0
1415   53 0
1440   53 80
1440   65 80
1440   70 80
1440   74 80
1440   77 80
1895   53 0
1920   53 80
2375   53 0
2400   53 80
2807   65 0
2807   70 0
2807   74 0
2807   77 0
2855   53 0
2880   53 80
2880   63 80
2880   67 80
2880   70 80
2880   75 80
3335   53 0
3360   53 80
3815   53 0
3840   53 80
4247   63 0
4247   67 0
4247   70 0
4247   75 0
4295   53 0
4320   53 80
4320   63 80
4383   69 80
4446   72 80
4511   77 80
4775   53 0
4800   53 80
5255   53 0
5280   53 80
5735   53 0
5758   69 0
5758   72 0
5758   77 0
5759   63 0
5760   46 80
5760   62 80
6240   53 80
6240   58 80
6671   62 0
6720   65 80
7127   46 0
7151   53 0
7151   58 0
7175   65 0
7200   45 80
7200   72 80
7680   53 80
7680   63 80
7680   65 80
8135   63 0
8135   65 0
8160   63 80
8160   65 80
8567   45 0
8567   72 0
8591   53 0
8615   63 0
8615   65 0
8640   50 80
8640   70 80
9120   53 80
9120   58 80
9551   70 0
9600   65 80
10007   50 0
10031   53 0
10031   58 0
10055   65 0
10080   43 80
10080   63 80
10560   51 80
11015   51 0
11040   58 80
11447   43 0
11447   63 0
11495   58 0
11520   41 80
11520   62 80
12000   53 80
12000   58 80
12431   62 0
12480   62 80
12887   41 0
12911   53 0
12911   58 0
12935   62 0
12960   43 80
12960   53 80
12960   58 80
12960   62 80
13415   62 0
13440   63 80
13895   63 0
13920   65 80
14327   43 0
14327   53 0
14327   58 0
14375   65 0
14400   36 80
14400   48 80
14400   67 80
14880   58 80
14880   63 80
15335   58 0
15335   63 0
15360   58 80
15360   63 80
15767   36 0
15767   48 0
15767   67 0
15815   58 0
15815   63 0
15840   41 80
15840   65 80
16320   53 80
16320   57 80
16320   63 80
16775   53 0
16775   57 0
16775   63 0
16800   48 80
16800   57 80
16800   63 80
17207   41 0
17207   65 0
17255   48 0
17255   57 0
17255   63 0
17280   46 80
17280   62 80
17760   53 80
17760   58 80
18191   62 0
18240   65 80
18647   46 0
18671   53 0
18671   58 0
18695   65 0
18720   45 80
18720   72 80
19200   53 80
19200   63 80
19200   65 80
19655   63 0
19655   65 0
19680   63 80
19680   65 80
20087   45 0
20087   72 0
20111   53 0
20135   63 0
20135   65 0
20160   50 80
20160   70 80
20640   53 80
20640   58 80
21071   70 0
21120   65 80
21527   50 0
21551   53 0
21551   58 0
21575   65 0
21600   43 80
21600   63 80
22080   51 80
22535   51 0
22560   58 80
22967   43 0
22967   63 0
23015   58 0
23040   41 80
23040   62 80
23520   50 80
23520   58 80
23951   62 0
24000   65 80
24407   41 0
24431   50 0
24431   58 0
24455   65 0
24480   41 80
24480   53 80
24480   57 80
24480   63 80
24480   65 80
24935   65 0
24960   67 80
25415   67 0
25440   69 80
25847   41 0
25847   53 0
25847   57 0
25847   63 0
25895   69 0
25920   46 80
25920   70 80
26400   53 80
26400   58 80
26400   62 80
26400   65 80
26855   58 0
26855   62 0
26855   65 0
26880   58 80
26880   62 80
26880   65 80
27287   46 0
27287   70 0
27311   53 0
27335   58 0
27335   62 0
27335   65 0
27360   41 80
27360   70 80
27840   53 80
27840   58 80
27840   62 80
27840   65 80
28295   58 0
28295   62 0
28295   65 0
28320   58 80
28320   62 80
28320   65 80
28727   41 0
28727   70 0
28751   53 0
28775   58 0
28775   62 0
28775   65 0
28800   45 80
28800   63 96
28800   65 96
28800   72 96
29039   63 0
29039   65 0
29039   72 0
29255   45 0
29280   53 80
29520   60 80
29520   63 80
29520   65 80
29735   53 0
29747   60 0
29747   63 0
29747   65 0
29760   60 80
29760   63 80
29760   65 80
30215   60 0
30215   63 0
30215   65 0
30240   45 80
30240   57 80
30240   63 80
30240   69 80
30695   45 0
30695   69 0
30720   53 80
30720   67 80
31175   53 0
31175   67 0
31200   65 80
31607   57 0
31607   63 0
31655   65 0
31680   46 80
31680   62 80
32135   46 0
32160   53 80
32160   58 80
32591   62 0
32615   53 0
32640   65 80
33071   58 0
33095   65 0
33120   41 80
33120   70 80
33575   41 0
33600   53 80
33600   58 80
33600   62 80
33600   65 80
34055   53 0
34055   58 0
34055   62 0
34055   65 0
34080   58 80
34080   62 80
34080   65 80
34487   70 0
34535   58 0
34535   62 0
34535   65 0
34560   39 80
34560   67 80
35015   39 0
35040   46 80
35040   58 80
35040   63 80
35471   67 0
35495   46 0
35520   51 80
35520   70 80
35951   58 0
35951   63 0
35975   51 0
35975   70 0
36000   40 80
36000   72 80
36455   40 0
36480   48 80
36480   60 80
36480   67 80
36911   72 0
36935   48 0
36960   55 80
36960   70 80
37391   60 0
37391   67 0
37415   55 0
37415   70 0
37440   41 80
37440   69 80
37895   41 0
37920   48 80
37920   60 80
37920   65 80
38375   48 0
38375   60 0
38375   65 0
38400   57 80
38400   60 80
38400   65 80
38807   69 0
38855   57 0
38855   60 0
38855   65 0
38880   41 80
38880   65 80
39335   41 0
39360   48 80
39360   57 80
39360   63 80
39815   48 0
39815   57 0
39815   63 0
39840   53 80
39840   57 80
39840   63 80
40247   65 0
40295   53 0
40295   57 0
40295   63 0
40320   46 80
40320   62 80
40800   53 80
40800   58 80
41231   62 0
41280   65 80
41687   46 0
41711   53 0
41711   58 0
41735   65 0
41760   44 80
41760   72 80
42240   50 80
42240   60 80
42240   62 80
42240   65 80
42695   60 0
42695   62 0
42695   65 0
42720   60 80
42720   62 80
42720   65 80
43127   44 0
43127   72 0
43151   50 0
43175   60 0
43175   62 0
43175   65 0
43200   43 80
43200   70 80
43680   51 80
43680   58 80
44111   70 0
44160   65 80
44567   43 0
44591   51 0
44591   58 0
44615   65 0
44640   42 80
44640   63 80
45120   51 80
45120   58 80
45575   58 0
45600   58 80
46007   42 0
46007   63 0
46031   51 0
46055   58 0
46080   41 80
46080   62 80
46560   53 80
46560   58 80
46991   62 0
47040   65 80
47447   41 0
47471   53 0
47471   58 0
47495   65 0
47520   41 80
47520   57 80
47520   63 80
47520   65 80
47975   65 0
48000   53 80
48000   67 80
48455   67 0
48480   69 80
48887   41 0
48887   57 0
48887   63 0
48911   53 0
48935   69 0
48960   46 80
48960   70 80
49415   46 0
49440   53 80
49440   58 80
49440   62 80
49895   53 0
49895   58 0
49895   62 0
49920   58 80
49920   62 80
50327   70 0
50375   58 0
50375   62 0
50400   41 80
50400   70 80
50855   41 0
50880   53 80
50880   58 80
50880   62 80
51311   70 0
51335   53 0
51335   58 0
51335   62 0
51360   58 80
51360   62 80
51815   58 0
51815   62 0
51840   46 80
51840   62 80
52320   53 80
52320   58 80
52751   62 0
52800   65 80
53207   46 0
53231   53 0
53231   58 0
53255   65 0
53280   45 80
53280   72 80
53760   53 80
53760   63 80
53760   65 80
54215   63 0
54215   65 0
54240   63 80
54240   65 80
54647   45 0
54647   72 0
54671   53 0
54695   63 0
54695   65 0
54720   50 80
54720   70 80
55200   53 80
55200   58 80
55631   70 0
55680   65 80
56087   50 0
56111   53 0
56111   58 0
56135   65 0
56160   43 80
56160   63 80
56640   51 80
57095   51 0
57120   58 80
57527   43 0
57527   63 0
57575   58 0
57600   41 80
57600   62 80
58080   53 80
58080   58 80
58511   62 0
58560   62 80
58967   41 0
58991   53 0
58991   58 0
59015   62 0
59040   43 80
59040   53 80
59040   58 80
59040   62 80
59495   62 0
59520   63 80
59975   63 0
60000   65 80
60407   43 0
60407   53 0
60407   58 0
60455   65 0
60480   36 80
60480   48 80
60480   67 80
60960   58 80
60960   63 80
61415   58 0
61415   63 0
61440   58 80
61440   63 80
61847   36 0
61847   48 0
61847   67 0
61895   58 0
61895   63 0
61920   41 80
61920   65 80
62400   53 80
62400   57 80
62400   63 80
62855   53 0
62855   57 0
62855   63 0
62880   48 80
62880   57 80
62880   63 80
63287   41 0
63287   65 0
63335   48 0
63335   57 0
63335   63 0
63360   46 80
63360   62 80
63840   53 80
63840   58 80
64271   62 0
64320   65 80
64727   46 0
64751   53 0
64751   58 0
64775   65 0
64800   45 80
64800   72 80
65280   53 80
65280   63 80
65280   65 80
65735   63 0
65735   65 0
65760   63 80
65760   65 80
66167   45 0
66167   72 0
66191   53 0
66215   63 0
66215   65 0
66240   50 80
66240   70 80
66720   53 80
66720   58 80
67151   70 0
67200   65 80
67607   50 0
