temp=.6
A=[512   69 64
    768   72 68
768   57 67
773   69 0
1280   74 79
1290   72 0
1536   76 82
1536   57 0
1536   57 72
1541   74 0
1920   77 71
1927   76 0
2048   76 62
2050   77 0
2304   74 62
2304   57 0
2304   55 68
2309   76 0
2816   71 61
2826   74 0
3072   67 67
3072   55 0
3072   55 72
3077   71 0
3456   69 69
3463   67 0
3584   71 70
3586   69 0
3840   72 75
3840   55 0
3840   53 68
3845   71 0
4352   69 66
4362   72 0
4608   69 0
4608   69 72
4608   53 0
4608   53 72
4992   68 70
4999   69 0
5120   69 74
5122   68 0
5376   71 80
5376   53 0
5376   52 69
5381   69 0
5888   68 65
5898   71 0
6144   64 56
6144   52 0
6144   52 68
6149   68 0
6630   64 0
6656   69 83
6912   72 91
6912   52 0
6912   57 73
6917   69 0
7424   74 72
7434   72 0
7680   76 78
7680   57 0
7680   57 69
7685   74 0
8064   77 74
8071   76 0
8192   76 71
8194   77 0
8448   74 64
8448   57 0
8448   55 70
8453   76 0
8960   71 63
8970   74 0
9216   67 62
9216   55 0
9216   55 74
9221   71 0
9600   69 66
9607   67 0
9728   71 80
9730   69 0
9984   72 85
9984   55 0
9984   53 70
9989   71 0
10368   71 74
10375   72 0
10496   69 69
10498   71 0
10752   68 68
10752   53 0
10752   52 67
10757   69 0
11136   66 65
11143   68 0
11264   68 75
11266   66 0
11520   69 78
11520   52 0
11520   57 76
11525   68 0
12288   69 0
12288   69 74
12288   57 0
12288   57 74
13017   69 0
13056   79 120
13056   57 0
13056   60 108
13824   79 0
13824   79 97
13824   60 0
13824   60 101
14208   77 89
14215   79 0
14336   76 93
14338   77 0
14592   74 89
14592   60 0
14592   55 91
14597   76 0
15104   71 86
15114   74 0
15360   67 76
15360   55 0
15360   55 93
15365   71 0
15744   69 99
15751   67 0
15872   71 109
15874   69 0
16128   72 103
16128   55 0
16128   57 102
16133   71 0
16640   69 95
16650   72 0
16896   69 0
16896   69 98
16896   57 0
16896   57 99
17280   68 96
17287   69 0
17408   69 102
17410   68 0
17664   71 102
17664   57 0
17664   52 90
17669   69 0
18176   68 82
18186   71 0
18432   64 74
18432   52 0
18432   52 88
18437   68 0
19161   64 0
19200   79 123
19200   52 0
19200   60 124
19968   79 0
19968   79 107
19968   60 0
19968   60 100
20352   77 100
20359   79 0
20480   76 93
20482   77 0
20736   74 85
20736   60 0
20736   55 92
20741   76 0
21248   71 90
21258   74 0
21504   67 81
21504   55 0
21504   55 96
21509   71 0
21888   69 100
21895   67 0
22016   71 103
22018   69 0
22272   72 105
22272   55 0
22272   53 92
22277   71 0
22656   71 103
22663   72 0
22784   69 89
22786   71 0
23040   68 93
23040   53 0
23040   52 96
23045   69 0
23424   66 81
23431   68 0
23552   68 85
23554   66 0
23808   69 91
23808   52 0
23808   57 86
23813   68 0
24576   69 0
24576   69 80
24576   57 0
24576   57 81
25305   69 0
25344   57 0]