temp=.6
A=[512   69 63
768   69 0
768   72 76
768   57 65
1024   64 62
1280   72 0
1280   74 76
1536   64 0
1536   57 0
1536   74 0
1536   76 76
1536   57 73
1792   64 65
1920   76 0
1920   77 76
2048   77 0
2048   76 65
2304   64 0
2304   57 0
2304   76 0
2304   74 66
2304   55 73
2560   62 65
2816   74 0
2816   71 67
3072   62 0
3072   55 0
3072   71 0
3072   67 60
3072   55 78
3328   62 65
3456   67 0
3456   69 74
3584   69 0
3584   71 73
3840   62 0
3840   55 0
3840   71 0
3840   72 73
3840   53 73
4096   60 62
4352   72 0
4352   69 69
4608   60 0
4608   53 0
4608   69 0
4608   69 69
4608   53 78
4864   60 63
4992   69 0
4992   68 70
5120   68 0
5120   69 81
5376   60 0
5376   53 0
5376   69 0
5376   71 76
5376   52 71
5632   59 64
5888   71 0
5888   68 61
6144   59 0
6144   52 0
6144   68 0
6144   64 63
6144   52 77
6400   59 64
6614   64 0
6656   69 78
6912   59 0
6912   52 0
6912   69 0
6912   72 80
6912   57 83
7168   64 63
7424   72 0
7424   74 73
7680   64 0
7680   57 0
7680   74 0
7680   76 77
7680   57 74
7936   64 64
8064   76 0
8064   77 73
8192   77 0
8192   76 74
8448   64 0
8448   57 0
8448   76 0
8448   74 69
8448   55 76
8704   62 65
8960   74 0
8960   71 60
9216   62 0
9216   55 0
9216   71 0
9216   67 58
9216   55 74
9472   62 66
9600   67 0
9600   69 75
9728   69 0
9728   71 74
9984   62 0
9984   55 0
9984   71 0
9984   72 75
9984   53 73
10240   60 61
10368   72 0
10368   71 66
10496   71 0
10496   69 62
10752   60 0
10752   53 0
10752   69 0
10752   68 63
10752   52 76
11008   59 61
11136   68 0
11136   66 66
11264   66 0
11264   68 71
11520   59 0
11520   52 0
11520   68 0
11520   69 75
11520   57 72
11776   57 0
11776   60 77
12032   60 0
12032   64 79
12288   64 0
12288   69 0
12288   69 69
12288   57 71
12288   60 71
12288   64 71
13014   69 0
13056   64 0
13056   60 0
13056   57 0
13056   79 118
13056   48 83
13056   52 83
13824   52 0
13824   48 0
13824   79 0
13824   79 102
13824   48 95
13824   52 95
14208   79 0
14208   77 90
14336   77 0
14336   76 87
14592   52 0
14592   48 0
14592   76 0
14592   74 93
14592   55 103
15104   74 0
15104   71 85
15360   55 0
15360   71 0
15360   67 81
15360   55 99
15744   67 0
15744   69 102
15872   69 0
15872   71 110
16128   55 0
16128   71 0
16128   72 99
16128   57 97
16640   72 0
16640   69 89
16896   57 0
16896   69 0
16896   69 96
16896   57 97
17280   69 0
17280   68 93
17408   68 0
17408   69 98
17664   57 0
17664   69 0
17664   71 97
17664   52 97
17664   56 97
18176   71 0
18176   68 89
18432   56 0
18432   52 0
18432   68 0
18432   64 78
18432   52 85
18432   56 85
19158   64 0
19200   56 0
19200   52 0
19200   79 125
19200   48 92
19200   52 92
19968   52 0
19968   48 0
19968   79 0
19968   79 101
19968   48 96
19968   52 96
20352   79 0
20352   77 88
20480   77 0
20480   76 89
20736   52 0
20736   48 0
20736   76 0
20736   74 91
20736   55 100
21248   74 0
21248   71 93
21504   55 0
21504   71 0
21504   67 80
21504   55 97
21888   67 0
21888   69 103
22016   69 0
22016   71 103
22272   55 0
22272   71 0
22272   72 98
22272   53 64
22528   60 84
22656   72 0
22656   71 93
22784   71 0
22784   69 91
23040   60 0
23040   53 0
23040   69 0
23040   68 97
23040   52 63
23296   59 91
23424   68 0
23424   66 88
23552   66 0
23552   68 90
23808   59 0
23808   52 0
23808   68 0
23808   69 85
23808   57 82
24064   57 0
24064   60 87
24320   60 0
24320   64 92
24576   64 0
24576   69 0
24576   69 84
24576   57 86
24576   60 86
24576   64 86
25302   69 0
25344   64 0
25344   60 0
25344   57 0]