temp=.6
A=[0   67 66
    960   67 0
960   67 75
1920   67 0
1920   67 78
2880   67 0
2880   62 66
3840   62 0
3840   64 72
4800   64 0
4800   64 78
5760   64 0
5760   62 77
7680   71 68
7680   62 0
8640   71 0
8640   71 76
9600   71 0
9600   69 74
10560   69 0
10560   69 77
11520   69 0
11520   67 74
13440   67 0
14400   62 69
15360   67 69
15360   62 0
16320   67 0
16320   67 78
17280   67 0
17280   67 75
18240   67 0
18240   62 72
19200   62 0
19200   64 79
20160   64 0
20160   64 71
21120   64 0
21120   62 73
23040   71 70
23040   62 0
24000   71 0
24000   71 74
24960   71 0
24960   69 69
25920   69 0
25920   69 71
26880   69 0
26880   67 72
28800   67 0
29760   62 64
30240   62 0
30240   62 75
30720   67 69
30720   62 0
31680   67 0
31680   67 75
32640   67 0
32640   67 77
33600   67 0
33600   62 70
34080   62 0
34080   62 73
34560   67 65
34560   62 0
35520   67 0
35520   67 75
36480   67 0
36480   67 76
38400   67 0
38400   67 77
38880   67 0
38880   67 74
39360   67 0
39360   67 73
40320   67 0
40320   67 72
40800   67 0
40800   67 74
41280   67 0
41280   67 78
42240   67 0
42240   67 77
42720   67 0
42720   67 73
43200   67 0
43200   67 80
43680   67 0
43680   67 74
44160   67 0
44160   67 80
45120   67 0
45120   67 75
46080   67 0
46080   67 77
47040   67 0
47040   67 74
48000   67 0
48000   67 76
48960   67 0
48960   62 66
49920   62 0
49920   64 77
50880   64 0
50880   64 73
51840   64 0
51840   62 72
53760   71 65
53760   62 0
54720   71 0
54720   71 75
55680   71 0
55680   69 72
56640   69 0
56640   69 74
57600   69 0
57600   67 69
59520   67 0]