temp=.6
A=[
2400   75 63
2408   76 0
2880   76 74
2888   75 0
3360   75 71
3368   76 0
3840   76 79
3848   75 0
4320   71 69
4328   76 0
4800   74 86
4808   71 0
5280   72 82
5288   74 0
5760   69 71
5760   45 55
5768   72 0
6240   52 60
6248   45 0
6671   69 0
6720   57 65
6728   52 0
7174   57 0
7200   60 72
7680   64 79
7688   60 0
8160   69 84
8168   64 0
8640   71 87
8640   52 55
8648   69 0
9120   56 55
9128   52 0
9551   71 0
9600   59 67
9608   56 0
10054   59 0
10080   64 67
10560   68 74
10568   64 0
11040   71 79
11048   68 0
11520   72 81
11520   45 56
11528   71 0
12000   52 61
12008   45 0
12431   72 0
12480   57 65
12488   52 0
12934   57 0
12960   64 70
13440   76 88
13448   64 0
13920   75 71
13928   76 0
14400   76 74
14408   75 0
14880   75 72
14888   76 0
15360   76 75
15368   75 0
15840   71 68
15848   76 0
16320   74 74
16328   71 0
16800   72 75
16808   74 0
17280   69 62
17280   45 55
17288   72 0
17760   52 57
17768   45 0
18191   69 0
18240   57 64
18248   52 0
18694   57 0
18720   60 66
19200   64 75
19208   60 0
19680   69 91
19688   64 0
20160   71 99
20160   52 57
20168   69 0
20640   56 62
20648   52 0
21071   71 0
21120   59 65
21128   56 0
21574   59 0
21600   64 69
22080   72 84
22088   64 0
22560   71 75
22568   72 0
23040   69 74
23040   45 53
23048   71 0
23520   52 54
23528   45 0
24000   57 67
24008   52 0
24454   57 0
24863   69 0
24960   76 93
25440   75 91
25448   76 0
25920   76 79
25928   75 0
26400   75 78
26408   76 0
26880   76 83
26888   75 0
27360   71 76
27368   76 0
27840   74 81
27848   71 0
28320   72 78
28328   74 0
28800   69 65
28800   45 55
28808   72 0
29280   52 60
29288   45 0
29711   69 0
29760   57 69
29768   52 0
30214   57 0
30240   60 72
30720   64 81
30728   60 0
31200   69 87
31208   64 0
31654   69 0
31680   71 82
31680   52 55
32160   56 57
32168   52 0
32640   71 0
32640   59 63
32648   56 0
33094   59 0
33120   64 73
33600   68 78
33608   64 0
34080   71 90
34088   68 0
34560   72 100
34560   45 58
34568   71 0
35040   52 61
35048   45 0
35471   72 0
35520   57 67
35528   52 0
35974   57 0
36000   64 70
36480   76 89
36488   64 0
36960   75 74
36968   76 0
37440   76 76
37448   75 0
37920   75 74
37928   76 0
38400   76 77
38408   75 0
38880   71 65
38888   76 0
39360   74 63
39368   71 0
39840   72 73
39848   74 0
40294   72 0
40320   69 75
40320   45 55
40800   52 59
40808   45 0
41280   69 0
41280   57 64
41288   52 0
41734   57 0
41760   60 69
42240   64 76
42248   60 0
42720   69 89
42728   64 0
43200   71 94
43200   52 51
43208   69 0
43680   56 54
43688   52 0
44111   71 0
44160   59 65
44168   56 0
44614   59 0
44640   64 65
45120   72 74
45128   64 0
45600   71 69
45608   72 0
46080   69 68
46080   45 55
46088   71 0
46560   52 61
46568   45 0
46991   69 0
47040   57 61
47048   52 0
47494   57 0
47520   71 70
48000   72 90
48008   71 0
48480   74 106
48488   72 0
48960   76 90
48960   48 56
48968   74 0
49440   55 61
49448   48 0
49920   60 67
49928   55 0
50325   76 0
50374   60 0
50400   67 66
50880   77 81
50888   67 0
51360   76 85
51368   77 0
51840   74 78
51840   55 54
51848   76 0
52320   59 57
52328   55 0
52800   62 66
52808   59 0
53205   74 0
53254   62 0
53280   65 62
53760   76 76
53768   65 0
54240   74 81
54248   76 0
54720   72 74
54720   45 54
54728   74 0
55200   52 64
55208   45 0
55680   57 65
55688   52 0
56085   72 0
56134   57 0
56160   64 65
56640   74 77
56648   64 0
57120   72 85
57128   74 0
57600   71 86
57600   52 51
57608   72 0
58080   59 53
58088   52 0
58511   71 0
58560   64 71
58568   59 0
59014   64 0
59040   64 75
59520   76 96
59528   64 0
59974   76 0
60000   52 59
60480   64 75
60488   52 0
60934   64 0
60960   64 75
61440   76 93
61448   64 0
61894   76 0
61920   75 81
62400   75 0
62400   76 87
62880   75 85
62888   76 0
63334   75 0
63360   76 87
63840   75 81
64320   75 0
64800   76 0
64800   75 72
65254   75 0
65280   76 73
65760   75 60
65768   76 0
66240   76 65
66248   75 0
66720   75 50
66728   76 0
67200   76 46
67208   75 0
67680   71 42
67688   76 0
68160   74 49
68168   71 0
68640   72 34
68648   74 0
69120   69 31
69120   45 51
69128   72 0
69600   52 54
69608   45 0
70031   69 0
70080   57 67
70088   52 0
70534   57 0
70560   60 35
71040   64 40
71048   60 0
71520   69 44
71528   64 0
72000   71 53
72000   52 58
72008   69 0
72480   56 58
72488   52 0
72911   71 0
72960   59 61
72968   56 0
73414   59 0
73440   64 33
73920   68 36
73928   64 0
74400   71 45
74408   68 0
74880   72 48
74880   45 55
74888   71 0
75360   52 58
75368   45 0
75791   72 0
75840   57 67
75848   52 0
76294   57 0
76320   64 33
76800   76 42
76808   64 0
77280   75 38
77288   76 0
77760   76 37
77768   75 0
78240   75 41
78248   76 0
78720   76 45
78728   75 0
79200   71 33
79208   76 0
79680   74 36
79688   71 0
80160   72 40
80168   74 0
80640   69 31
80640   45 49
80648   72 0
81120   52 62
81128   45 0
81551   69 0
81600   57 67
81608   52 0
82054   57 0
82080   60 36
82560   64 38
82568   60 0
83040   69 45
83048   64 0
83520   71 50
83520   52 53
83528   69 0
84000   56 57
84008   52 0
84431   71 0
84480   59 63
84488   56 0
84934   59 0
84960   64 38
85440   72 44
85448   64 0
85920   71 30
85928   72 0
86400   69 31
86400   57 37
86400   60 37
86400   64 37
86408   71 0
88223   69 0
88320   57 0
88320   60 0
88320   64 0]