temp=.363636
A=[0   60 52
    0   48 54
1440   60 0
1440   48 0
1440   60 58
1440   43 53
2880   60 0
2880   43 0
2880   60 62
2880   48 63
3840   60 0
3840   62 65
4320   62 0
4320   48 0
4320   64 67
4320   43 60
5760   64 0
5760   43 0
5760   64 62
5760   48 61
6720   62 60
6739   64 0
7174   62 0
7200   48 0
7200   64 67
7200   43 61
8160   65 63
8179   64 0
8614   65 0
8640   43 0
8640   67 60
8640   50 62
10080   50 0
10080   43 58
11520   67 0
11520   43 0
11520   72 69
11520   48 63
12000   72 0
12000   72 67
12480   72 0
12480   72 58
12960   72 0
12960   48 0
12960   67 56
12960   52 65
13440   67 0
13440   67 61
13920   67 0
13920   67 56
14400   67 0
14400   52 0
14400   64 51
14400   55 61
14880   64 0
14880   64 63
15360   64 0
15360   64 57
15840   64 0
15840   55 0
15840   60 51
15840   58 64
16320   60 0
16320   60 61
16800   60 0
16800   60 61
17280   60 0
17280   58 0
17280   67 72
17280   57 63
18240   65 57
18259   67 0
18694   65 0
18720   57 0
18720   64 59
18720   59 61
19680   62 58
19699   64 0
20134   62 0
20160   59 0
20160   60 57
20160   60 63
21600   60 0
21600   48 52
23040   60 0
23040   48 0
26880   60 60
26880   48 61
28320   60 0
28320   48 0
28320   60 59
28320   43 59
29760   60 0
29760   43 0
29760   60 63
29760   48 64
30720   60 0
30720   62 62
31200   62 0
31200   48 0
31200   64 60
31200   43 55
32640   64 0
32640   43 0
32640   64 62
32640   48 63
33600   62 59
33619   64 0
34054   62 0
34080   48 0
34080   64 61
34080   43 57
35040   65 64
35059   64 0
35494   65 0
35520   43 0
35520   67 69
35520   48 62
36960   48 0
36960   43 59
38400   67 0
38400   43 0
38400   72 70
38400   48 57
38880   72 0
38880   72 60
39360   72 0
39360   72 62
39840   72 0
39840   48 0
39840   67 50
39840   52 68
40320   67 0
40320   67 60
40800   67 0
40800   67 57
41280   67 0
41280   52 0
41280   64 52
41280   55 65
41760   64 0
41760   64 59
42240   64 0
42240   64 58
42720   64 0
42720   55 0
42720   60 57
42720   52 64
43200   60 0
43200   60 57
43680   60 0
43680   60 62
44160   60 0
44160   52 0
44160   67 71
44160   48 55
45120   65 61
45139   67 0
45574   65 0
45600   48 0
45600   64 61
45600   43 58
46560   62 54
46579   64 0
47014   62 0
47040   43 0
47040   60 57
47040   48 63
48480   48 0
48480   43 58
49920   60 0
49920   43 0]