A=[0	53	62	70	74	0	0	0	0	0
0.568750000000000	62	70	74	0	0	0	0	0	0
0.600000000000000	62	70	74	53	0	0	0	0	0
1.16875000000000	62	70	74	0	0	0	0	0	0
1.20000000000000	62	70	74	53	0	0	0	0	0
1.70875000000000	53	0	0	0	0	0	0	0	0
1.76875000000000	0	0	0	0	0	0	0	0	0
1.80000000000000	53	65	70	74	77	0	0	0	0
2.36875000000000	65	70	74	77	0	0	0	0	0
2.40000000000000	65	70	74	77	53	0	0	0	0
2.96875000000000	65	70	74	77	0	0	0	0	0
3	65	70	74	77	53	0	0	0	0
3.50875000000000	53	0	0	0	0	0	0	0	0
3.56875000000000	0	0	0	0	0	0	0	0	0
3.60000000000000	53	63	67	70	75	0	0	0	0
4.16875000000000	63	67	70	75	0	0	0	0	0
4.20000000000000	63	67	70	75	53	0	0	0	0
4.76875000000000	63	67	70	75	0	0	0	0	0
4.80000000000000	63	67	70	75	53	0	0	0	0
5.30875000000000	53	0	0	0	0	0	0	0	0
5.36875000000000	0	0	0	0	0	0	0	0	0
5.40000000000000	53	63	0	0	0	0	0	0	0
5.47875000000000	53	63	69	0	0	0	0	0	0
5.55750000000000	53	63	69	72	0	0	0	0	0
5.63875000000000	53	63	69	72	77	0	0	0	0
5.96875000000000	63	69	72	77	0	0	0	0	0
6	63	69	72	77	53	0	0	0	0
6.56875000000000	63	69	72	77	0	0	0	0	0
6.60000000000000	63	69	72	77	53	0	0	0	0
7.16875000000000	63	69	72	77	0	0	0	0	0
7.19750000000000	63	0	0	0	0	0	0	0	0
7.19875000000000	0	0	0	0	0	0	0	0	0
7.20000000000000	46	62	0	0	0	0	0	0	0
7.80000000000000	46	62	53	58	0	0	0	0	0
8.33875000000000	46	53	58	0	0	0	0	0	0
8.40000000000000	46	53	58	65	0	0	0	0	0
8.90875000000000	53	58	65	0	0	0	0	0	0
8.93875000000000	65	0	0	0	0	0	0	0	0
8.96875000000000	0	0	0	0	0	0	0	0	0
9	45	72	0	0	0	0	0	0	0
9.60000000000000	45	72	53	63	65	0	0	0	0
10.1687500000000	45	72	53	0	0	0	0	0	0
10.2000000000000	45	72	53	63	65	0	0	0	0
10.7087500000000	53	63	65	0	0	0	0	0	0
10.7387500000000	63	65	0	0	0	0	0	0	0
10.7687500000000	0	0	0	0	0	0	0	0	0
10.8000000000000	50	70	0	0	0	0	0	0	0
11.4000000000000	50	70	53	58	0	0	0	0	0
11.9387500000000	50	53	58	0	0	0	0	0	0
12	50	53	58	65	0	0	0	0	0
12.5087500000000	53	58	65	0	0	0	0	0	0
12.5387500000000	65	0	0	0	0	0	0	0	0
12.5687500000000	0	0	0	0	0	0	0	0	0
12.6000000000000	43	63	0	0	0	0	0	0	0
13.2000000000000	43	63	51	0	0	0	0	0	0
13.7687500000000	43	63	0	0	0	0	0	0	0
13.8000000000000	43	63	58	0	0	0	0	0	0
14.3087500000000	58	0	0	0	0	0	0	0	0
14.3687500000000	0	0	0	0	0	0	0	0	0
14.4000000000000	41	62	0	0	0	0	0	0	0
15	41	62	53	58	0	0	0	0	0
15.5387500000000	41	53	58	0	0	0	0	0	0
15.6000000000000	41	53	58	62	0	0	0	0	0
16.1087500000000	53	58	62	0	0	0	0	0	0
16.1387500000000	62	0	0	0	0	0	0	0	0
16.1687500000000	0	0	0	0	0	0	0	0	0
16.2000000000000	43	53	58	62	0	0	0	0	0
16.7687500000000	43	53	58	0	0	0	0	0	0
16.8000000000000	43	53	58	63	0	0	0	0	0
17.3687500000000	43	53	58	0	0	0	0	0	0
17.4000000000000	43	53	58	65	0	0	0	0	0
17.9087500000000	65	0	0	0	0	0	0	0	0
17.9687500000000	0	0	0	0	0	0	0	0	0
18	36	48	67	0	0	0	0	0	0
18.6000000000000	36	48	67	58	63	0	0	0	0
19.1687500000000	36	48	67	0	0	0	0	0	0
19.2000000000000	36	48	67	58	63	0	0	0	0
19.7087500000000	58	63	0	0	0	0	0	0	0
19.7687500000000	0	0	0	0	0	0	0	0	0
19.8000000000000	41	65	0	0	0	0	0	0	0
20.4000000000000	41	65	53	57	63	0	0	0	0
20.9687500000000	41	65	0	0	0	0	0	0	0
21	41	65	48	57	63	0	0	0	0
21.5087500000000	48	57	63	0	0	0	0	0	0
21.5687500000000	0	0	0	0	0	0	0	0	0
21.6000000000000	46	62	0	0	0	0	0	0	0
22.2000000000000	46	62	53	58	0	0	0	0	0
22.7387500000000	46	53	58	0	0	0	0	0	0
22.8000000000000	46	53	58	65	0	0	0	0	0
23.3087500000000	53	58	65	0	0	0	0	0	0
23.3387500000000	65	0	0	0	0	0	0	0	0
23.3687500000000	0	0	0	0	0	0	0	0	0
23.4000000000000	45	72	0	0	0	0	0	0	0
24	45	72	53	63	65	0	0	0	0
24.5687500000000	45	72	53	0	0	0	0	0	0
24.6000000000000	45	72	53	63	65	0	0	0	0
25.1087500000000	53	63	65	0	0	0	0	0	0
25.1387500000000	63	65	0	0	0	0	0	0	0
25.1687500000000	0	0	0	0	0	0	0	0	0
25.2000000000000	50	70	0	0	0	0	0	0	0
25.8000000000000	50	70	53	58	0	0	0	0	0
26.3387500000000	50	53	58	0	0	0	0	0	0
26.4000000000000	50	53	58	65	0	0	0	0	0
26.9087500000000	53	58	65	0	0	0	0	0	0
26.9387500000000	65	0	0	0	0	0	0	0	0
26.9687500000000	0	0	0	0	0	0	0	0	0
27	43	63	0	0	0	0	0	0	0
27.6000000000000	43	63	51	0	0	0	0	0	0
28.1687500000000	43	63	0	0	0	0	0	0	0
28.2000000000000	43	63	58	0	0	0	0	0	0
28.7087500000000	58	0	0	0	0	0	0	0	0
28.7687500000000	0	0	0	0	0	0	0	0	0
28.8000000000000	41	62	0	0	0	0	0	0	0
29.4000000000000	41	62	50	58	0	0	0	0	0
29.9387500000000	41	50	58	0	0	0	0	0	0
30	41	50	58	65	0	0	0	0	0
30.5087500000000	50	58	65	0	0	0	0	0	0
30.5387500000000	65	0	0	0	0	0	0	0	0
30.5687500000000	0	0	0	0	0	0	0	0	0
30.6000000000000	41	53	57	63	65	0	0	0	0
31.1687500000000	41	53	57	63	0	0	0	0	0
31.2000000000000	41	53	57	63	67	0	0	0	0
31.7687500000000	41	53	57	63	0	0	0	0	0
31.8000000000000	41	53	57	63	69	0	0	0	0
32.3087500000000	69	0	0	0	0	0	0	0	0
32.3687500000000	0	0	0	0	0	0	0	0	0
32.4000000000000	46	70	0	0	0	0	0	0	0
33	46	70	53	58	62	65	0	0	0
33.5687500000000	46	70	53	0	0	0	0	0	0
33.6000000000000	46	70	53	58	62	65	0	0	0
34.1087500000000	53	58	62	65	0	0	0	0	0
34.1387500000000	58	62	65	0	0	0	0	0	0
34.1687500000000	0	0	0	0	0	0	0	0	0
34.2000000000000	41	70	0	0	0	0	0	0	0
34.8000000000000	41	70	53	58	62	65	0	0	0
35.3687500000000	41	70	53	0	0	0	0	0	0
35.4000000000000	41	70	53	58	62	65	0	0	0
35.9087500000000	53	58	62	65	0	0	0	0	0
35.9387500000000	58	62	65	0	0	0	0	0	0
35.9687500000000	0	0	0	0	0	0	0	0	0
36	45	63	65	72	0	0	0	0	0
36.2987500000000	45	0	0	0	0	0	0	0	0
36.5687500000000	0	0	0	0	0	0	0	0	0
36.6000000000000	53	0	0	0	0	0	0	0	0
36.9000000000000	53	60	63	65	0	0	0	0	0
37.1687500000000	60	63	65	0	0	0	0	0	0
37.1837500000000	0	0	0	0	0	0	0	0	0
37.2000000000000	60	63	65	0	0	0	0	0	0
37.7687500000000	0	0	0	0	0	0	0	0	0
37.8000000000000	45	57	63	69	0	0	0	0	0
38.3687500000000	57	63	0	0	0	0	0	0	0
38.4000000000000	57	63	53	67	0	0	0	0	0
38.9687500000000	57	63	0	0	0	0	0	0	0
39	57	63	65	0	0	0	0	0	0
39.5087500000000	65	0	0	0	0	0	0	0	0
39.5687500000000	0	0	0	0	0	0	0	0	0
39.6000000000000	46	62	0	0	0	0	0	0	0
40.1687500000000	62	0	0	0	0	0	0	0	0
40.2000000000000	62	53	58	0	0	0	0	0	0
40.7387500000000	53	58	0	0	0	0	0	0	0
40.7687500000000	58	0	0	0	0	0	0	0	0
40.8000000000000	58	65	0	0	0	0	0	0	0
41.3387500000000	65	0	0	0	0	0	0	0	0
41.3687500000000	0	0	0	0	0	0	0	0	0
41.4000000000000	41	70	0	0	0	0	0	0	0
41.9687500000000	70	0	0	0	0	0	0	0	0
42	70	53	58	62	65	0	0	0	0
42.5687500000000	70	0	0	0	0	0	0	0	0
42.6000000000000	70	58	62	65	0	0	0	0	0
43.1087500000000	58	62	65	0	0	0	0	0	0
43.1687500000000	0	0	0	0	0	0	0	0	0
43.2000000000000	39	67	0	0	0	0	0	0	0
43.7687500000000	67	0	0	0	0	0	0	0	0
43.8000000000000	67	46	58	63	0	0	0	0	0
44.3387500000000	46	58	63	0	0	0	0	0	0
44.3687500000000	58	63	0	0	0	0	0	0	0
44.4000000000000	58	63	51	70	0	0	0	0	0
44.9387500000000	51	70	0	0	0	0	0	0	0
44.9687500000000	0	0	0	0	0	0	0	0	0
45	40	72	0	0	0	0	0	0	0
45.5687500000000	72	0	0	0	0	0	0	0	0
45.6000000000000	72	48	60	67	0	0	0	0	0
46.1387500000000	48	60	67	0	0	0	0	0	0
46.1687500000000	60	67	0	0	0	0	0	0	0
46.2000000000000	60	67	55	70	0	0	0	0	0
46.7387500000000	55	70	0	0	0	0	0	0	0
46.7687500000000	0	0	0	0	0	0	0	0	0
46.8000000000000	41	69	0	0	0	0	0	0	0
47.3687500000000	69	0	0	0	0	0	0	0	0
47.4000000000000	69	48	60	65	0	0	0	0	0
47.9687500000000	69	0	0	0	0	0	0	0	0
48	69	57	60	65	0	0	0	0	0
48.5087500000000	57	60	65	0	0	0	0	0	0
48.5687500000000	0	0	0	0	0	0	0	0	0
48.6000000000000	41	65	0	0	0	0	0	0	0
49.1687500000000	65	0	0	0	0	0	0	0	0
49.2000000000000	65	48	57	63	0	0	0	0	0
49.7687500000000	65	0	0	0	0	0	0	0	0
49.8000000000000	65	53	57	63	0	0	0	0	0
50.3087500000000	53	57	63	0	0	0	0	0	0
50.3687500000000	0	0	0	0	0	0	0	0	0
50.4000000000000	46	62	0	0	0	0	0	0	0
51	46	62	53	58	0	0	0	0	0
51.5387500000000	46	53	58	0	0	0	0	0	0
51.6000000000000	46	53	58	65	0	0	0	0	0
52.1087500000000	53	58	65	0	0	0	0	0	0
52.1387500000000	65	0	0	0	0	0	0	0	0
52.1687500000000	0	0	0	0	0	0	0	0	0
52.2000000000000	44	72	0	0	0	0	0	0	0
52.8000000000000	44	72	50	60	62	65	0	0	0
53.3687500000000	44	72	50	0	0	0	0	0	0
53.4000000000000	44	72	50	60	62	65	0	0	0
53.9087500000000	50	60	62	65	0	0	0	0	0
53.9387500000000	60	62	65	0	0	0	0	0	0
53.9687500000000	0	0	0	0	0	0	0	0	0
54	43	70	0	0	0	0	0	0	0
54.6000000000000	43	70	51	58	0	0	0	0	0
55.1387500000000	43	51	58	0	0	0	0	0	0
55.2000000000000	43	51	58	65	0	0	0	0	0
