temp=.857142
A=[0   64 66
256   64 0
256   64 75
512   65 77
517   64 0
768   67 82
773   65 0
1024   67 0
1024   67 73
1280   65 69
1285   67 0
1536   64 74
1541   65 0
1792   62 72
1797   64 0
2048   60 74
2053   62 0
2304   60 0
2304   60 80
2560   62 81
2565   60 0
2816   64 82
2821   62 0
3072   64 0
3072   64 79
3456   62 81
3463   64 0
3584   62 0
3584   62 76
4070   62 0
4096   64 80
4352   64 0
4352   64 79
4608   65 83
4613   64 0
4864   67 79
4869   65 0
5120   67 0
5120   67 78
5376   65 77
5381   67 0
5632   64 74
5637   65 0
5888   62 68
5893   64 0
6144   60 69
6149   62 0
6400   60 0
6400   60 72
6656   62 81
6661   60 0
6912   64 79
6917   62 0
7168   62 77
7173   64 0
7552   60 68
7559   62 0
7680   60 0
7680   60 78
8166   60 0
8192   62 82
8704   64 86
8714   62 0
8960   60 70
8965   64 0
9216   62 74
9221   60 0
9472   64 84
9477   62 0
9600   65 90
9602   64 0
9728   64 74
9730   65 0
9984   60 67
9989   64 0
10240   62 81
10245   60 0
10496   64 85
10501   62 0
10624   65 81
10626   64 0
10752   64 81
10754   65 0
11008   62 74
11013   64 0
11264   60 67
11269   62 0
11520   62 82
11525   60 0
11776   67 96
11781   62 0
12262   67 0
12288   64 88
12544   64 0
12544   64 99
12800   65 104
12805   64 0
13056   67 101
13061   65 0
13312   67 0
13312   67 97
13568   65 91
13573   67 0
13824   64 89
13829   65 0
14080   62 80
14085   64 0
14336   60 89
14341   62 0
14592   60 0
14592   60 99
14848   62 105
14853   60 0
15104   64 102
15109   62 0
15360   62 95
15365   64 0
15744   60 90
15751   62 0
15872   60 0
15872   60 99
16358   60 0]