temp=.6
A=[0   64 71
    0   48 67
960   62 70
960   55 83
979   64 0
979   48 0
1920   60 73
1920   52 78
1939   62 0
1939   55 0
2880   62 79
2880   55 84
2899   60 0
2899   52 0
3791   62 0
3791   55 0
3840   64 88
3840   48 69
4800   64 0
4800   64 87
4800   55 80
4819   48 0
5760   64 0
5760   64 86
5760   52 76
5779   55 0
6720   55 79
6739   52 0
7631   55 0
7680   64 0
7680   62 74
7680   47 70
8640   62 0
8640   62 85
8640   55 84
8659   47 0
9600   62 0
9600   62 84
9600   53 74
9619   55 0
10560   55 78
10579   53 0
11471   55 0
11520   62 0
11520   64 82
11520   48 72
12480   67 85
12480   55 84
12499   64 0
12499   48 0
13391   67 0
13440   67 79
13440   52 74
13459   55 0
14400   55 83
14419   52 0
15311   55 0
15360   67 0
15360   64 68
15360   48 67
16320   62 68
16320   55 83
16339   64 0
16339   48 0
17280   60 69
17280   52 76
17299   62 0
17299   55 0
18240   62 82
18240   55 77
18259   60 0
18259   52 0
19151   62 0
19151   55 0
19200   64 87
19200   48 73
20160   64 0
20160   64 83
20160   55 82
20179   48 0
21120   64 0
21120   64 83
21120   52 76
21139   55 0
22080   64 0
22080   64 86
22080   55 77
22099   52 0
22991   55 0
23040   64 0
23040   62 79
23040   47 68
24000   62 0
24000   62 79
24000   55 88
24019   47 0
24960   62 0
24960   64 80
24960   53 74
24979   55 0
25920   62 73
25920   55 73
25939   64 0
25939   53 0
26831   62 0
26831   55 0
26880   60 72
26880   48 69
27840   55 84
27859   48 0
28800   48 72
28819   55 0
30623   48 0
30720   60 0]
