temp=.352940
A=[68   55 84
1024   55 0
1024   55 96
1280   64 89
1536   64 0
1536   62 90
1792   62 0
1792   60 93
2048   60 0
2048   55 0
2048   55 96
2816   55 0
2816   55 102
3072   55 0
3072   55 99
3328   64 90
3584   64 0
3584   62 88
3840   62 0
3840   60 94
4096   60 0
4096   55 0
4096   57 102
4864   57 0
4864   57 96
5120   57 0
5120   57 97
5376   65 94
5632   65 0
5632   64 95
5888   64 0
5888   62 91
6144   62 0
6144   57 0
6144   59 99
7168   67 110
7168   59 0
7168   59 101
7424   67 0
7424   67 101
7680   67 0
7680   65 91
7936   65 0
7936   62 90
8192   62 0
8192   64 103
8192   59 0
8192   60 99
8960   64 0
8960   60 0
8960   55 91
9216   55 0
9216   55 89
9472   64 90
9728   64 0
9728   62 90
9984   62 0
9984   60 87
10240   60 0
10240   55 0
10240   55 99
11008   55 0
11008   55 97
11264   55 0
11264   55 98
11520   64 90
11776   64 0
11776   62 89
12032   62 0
12032   60 89
12288   60 0
12288   55 0
12288   57 101
13056   57 0
13056   57 97
13312   57 0
13312   57 100
13568   65 88
13824   65 0
13824   64 94
14080   64 0
14080   62 88
14336   62 0
14336   67 111
14336   57 0
14336   59 101
14592   67 0
14592   67 104
14848   67 0
14848   67 99
15104   67 0
15104   67 101
15360   67 0
15360   69 111
15360   59 0
15360   59 103
15616   69 0
15616   67 100
15872   67 0
15872   65 101
16128   65 0
16128   62 91
16384   62 0
16384   59 0
16384   60 113
16896   67 107
16896   60 0
17408   67 0
17408   64 104
17408   60 103
17664   64 0
17664   64 112
17920   64 0
17920   64 109
17920   60 0
17920   55 106
18432   64 0
18432   64 114
18432   55 0
18432   60 127
18688   64 0
18688   64 115
18944   64 0
18944   64 114
18944   60 0
18944   55 114
19456   64 0
19456   64 114
19456   55 0
19456   60 127
19712   64 0
19712   67 121
19968   67 0
19968   60 96
19968   60 0
19968   55 110
20224   60 0
20224   62 115
20480   62 0
20480   64 115
20480   55 0
20480   60 127
20992   60 0
20992   55 104
21504   64 0
21504   65 117
21504   55 0
21504   59 121
21760   65 0
21760   65 111
22016   65 0
22016   65 111
22016   59 0
22016   55 106
22272   65 0
22272   65 113
22528   65 0
22528   65 115
22528   55 0
22528   60 120
22784   64 106
22789   65 0
23027   64 0
23040   64 116
23040   60 0
23040   55 109
23296   64 0
23296   64 118
23552   64 0
23552   64 118
23552   55 0
23552   54 109
23808   62 112
23813   64 0
24051   62 0
24064   62 111
24320   62 0
24320   64 119
24576   64 0
24576   62 108
24576   54 0
24576   55 117
25088   62 0
25088   67 127
25600   67 0
25600   64 109
25600   55 0
25600   60 127
25856   64 0
25856   64 108
26112   64 0
26112   64 112
26112   60 0
26112   55 110
26624   64 0
26624   64 111
26624   55 0
26624   60 127
26880   64 0
26880   64 113
27136   64 0
27136   64 108
27136   60 0
27136   55 110
27648   64 0
27648   64 115
27648   55 0
27648   60 127
27904   64 0
27904   67 126
28160   67 0
28160   60 92
28160   60 0
28160   55 109
28416   60 0
28416   62 119
28672   62 0
28672   64 122
28672   55 0
28672   60 126
29184   60 0
29184   55 108
29696   64 0
29696   65 118
29696   55 0
29696   59 119
29952   65 0
29952   65 115
30208   65 0
30208   65 110
30208   59 0
30208   55 110
30464   65 0
30464   65 112
30720   65 0
30720   65 107
30720   55 0
30720   60 127
30976   64 103
30981   65 0
31219   64 0
31232   64 112
31232   60 0
31232   55 107
31488   64 0
31488   64 111
31744   64 0
31744   67 122
31744   55 0
31744   55 118
32000   67 0
32000   67 113
32000   55 0
32000   55 113
32256   67 0
32256   65 111
32256   55 0
32256   57 115
32512   62 99
32512   57 0
32512   59 117
32517   65 0
32755   62 0
32768   60 103
32768   59 0
32768   60 117
33536   60 0
33536   60 0]