temp=.857142
A=[0   60 88
0   64 88
0   48 87
0   55 87
960   64 0
960   64 85
979   60 0
1920   65 105
1939   64 0
2880   67 110
2899   65 0
3840   67 0
3840   67 94
3840   48 0
3840   55 0
3840   55 93
4800   65 87
4819   67 0
5760   64 92
5760   55 0
5760   55 101
5779   65 0
6720   62 88
6739   64 0
7680   60 87
7680   55 0
7680   48 100
7680   52 100
7680   55 100
7699   62 0
8640   60 0
8640   60 101
9600   62 109
9619   60 0
10560   64 103
10579   62 0
11520   64 0
11520   64 103
11520   48 0
11520   52 0
11520   55 0
11520   55 100
12960   62 100
12986   64 0
13440   62 0
13440   59 95
13440   62 95
13440   55 0
13440   55 95
15263   59 0
15263   62 0
15360   60 100
15360   64 100
15360   55 0
15360   48 97
15360   55 97
16320   64 0
16320   64 103
16339   60 0
17280   65 101
17299   64 0
18240   67 110
18259   65 0
19200   67 0
19200   67 99
19200   48 0
19200   55 0
19200   55 102
20160   65 97
20179   67 0
21120   64 96
21120   55 0
21120   55 98
21139   65 0
22080   62 87
22099   64 0
23040   60 90
23040   55 0
23040   48 97
23040   52 97
23040   55 97
23059   62 0
24000   60 0
24000   60 97
24960   62 104
24979   60 0
25920   64 103
25939   62 0
26880   62 99
26880   48 0
26880   52 0
26880   55 0
26880   55 97
26899   64 0
28320   60 91
28346   62 0
28800   60 0
28800   60 97
28800   55 0
28800   48 92
30623   60 0
30720   62 65
30720   48 0
30720   55 62
31680   62 0
31680   62 59
32640   64 65
32659   62 0
33600   60 54
33619   64 0
34560   62 59
34560   55 0
34560   55 57
34579   60 0
35520   64 66
35539   62 0
36000   65 64
36008   64 0
36480   64 59
36480   55 0
36480   55 61
36488   65 0
37440   60 50
37459   64 0
38400   62 67
38400   55 0
38400   55 58
38419   60 0
39360   64 69
39379   62 0
39840   65 65
39848   64 0
40320   64 63
40320   55 0
40320   56 62
40328   65 0
41280   62 58
41299   64 0
42240   60 55
42240   56 0
42240   57 60
42259   62 0
43200   62 63
43200   57 0
43200   54 59
43219   60 0
44111   62 0
44160   54 0
44160   55 60
45120   64 86
46080   55 0
46080   60 108
47040   64 0
47040   64 95
48000   65 98
48000   60 0
48000   58 101
48019   64 0
48960   67 105
48979   65 0
49920   67 0
49920   67 98
49920   58 0
49920   57 94
50880   65 88
50899   67 0
51840   64 94
51840   57 0
51840   53 95
51859   65 0
52800   62 90
52819   64 0
53760   60 94
53760   53 0
53760   52 95
53779   62 0
54720   60 0
54720   60 96
54720   52 0
54720   52 97
55680   62 100
55680   52 0
55680   55 96
55699   60 0
56640   64 105
56640   55 0
56640   60 112
56659   62 0
57600   62 100
57600   60 0
57600   55 94
57619   64 0
59040   60 88
59066   62 0
59520   60 0
59520   60 96
59520   55 0
59520   48 97
59520   52 97
59520   55 97
61343   60 0
61440   48 0
61440   52 0
61440   55 0]
