temp=.6
A=[0   60 69
    0   48 65
960   60 0
960   60 76
1920   60 0
1920   67 87
1920   48 0
1920   52 76
2880   67 0
2880   67 81
3840   67 0
3840   69 80
3840   52 0
3840   53 76
4800   69 0
4800   69 77
5760   69 0
5760   67 76
5760   53 0
5760   52 77
7680   67 0
7680   65 67
7680   52 0
7680   50 76
8640   65 0
8640   65 74
9600   65 0
9600   64 73
9600   50 0
9600   48 75
10560   64 0
10560   64 74
11520   64 0
11520   62 71
11520   48 0
11520   53 81
12480   62 0
12480   62 77
12480   53 0
12480   55 78
13440   62 0
13440   60 68
13440   55 0
13440   52 70
14400   52 0
14400   48 72
15360   60 0
15360   67 87
15360   48 0
15360   52 84
16320   67 0
16320   67 78
17280   67 0
17280   65 68
17280   52 0
17280   53 76
18240   65 0
18240   65 72
19200   65 0
19200   64 74
19200   53 0
19200   55 83
20160   64 0
20160   64 75
21120   64 0
21120   62 74
21120   55 0
21120   55 76
23040   62 0
23040   67 87
23040   55 0
23040   52 71
24000   67 0
24000   67 81
24960   67 0
24960   65 68
24960   52 0
24960   53 77
25920   65 0
25920   65 75
26880   65 0
26880   64 77
26880   53 0
26880   55 80
27840   64 0
27840   64 77
28800   64 0
28800   62 72
28800   55 0
28800   55 74
30720   62 0
30720   60 73
30720   55 0
30720   48 73
31680   60 0
31680   60 74
32640   60 0
32640   67 85
32640   48 0
32640   52 85
33600   67 0
33600   67 79
34560   67 0
34560   69 79
34560   52 0
34560   53 84
35520   69 0
35520   69 77
36480   69 0
36480   67 69
36480   53 0
36480   52 74
38400   67 0
38400   65 74
38400   52 0
38400   50 79
39360   65 0
39360   65 77
40320   65 0
40320   64 76
40320   50 0
40320   48 74
41280   64 0
41280   64 76
42240   64 0
42240   62 73
42240   48 0
42240   53 80
43200   62 0
43200   62 77
43200   53 0
43200   55 81
44160   62 0
44160   60 71
44160   55 0
44160   48 69
46080   60 0
46080   48 0]